layout_spectrum: 0.2334895
typography_spectrum: 0.5395507
color:
  saturation: 0.09240517
  lightness: 0.9375624
  brandStrength: 0.6691549
  rhythmicContrast: 0.6482142
name: Japan Tour - 14-22 Nov 2015
